9
46 51 24 92 14 23 39 20 57
7
5 7 63
8 1 85
3 5 77
3 2 59
5 3 29
2 7 16
5 7 58
2 4
3 6 9 5 1 4
17
30 56 95 67 73 56 45 78 75 56 10 69 86 75 13 54 10
6
9 12 92
17 11 19
12 13 36
10 2 51
3 14 34
2 6 1
3 2
3 12 17 2 10
11
38 47 47 59 12 39 92 60 10 99 18
23
5 8 92
6 8 84
10 4 13
1 11 65
5 9 90
10 7 28
10 6 87
11 2 80
11 7 31
5 11 86
2 9 29
7 6 72
1 10 89
2 10 6
4 7 48
11 1 76
10 6 16
7 5 48
4 11 31
9 11 17
8 6 99
3 11 23
2 8 60
0 5
6 9 8 7 2
7
57 53 94 73 45 49 73
28
7 2 4
3 6 73
6 3 72
4 2 72
3 4 94
3 7 74
4 2 8
3 1 84
1 4 57
7 3 39
7 3 58
1 5 31
3 6 25
5 1 13
4 1 60
3 2 21
4 1 88
6 3 48
5 4 58
2 5 97
4 5 29
5 2 98
4 1 41
4 7 58
4 5 30
4 2 13
4 3 32
5 6 61
0 2
2 7
18
76 63 86 29 90 43 80 42 19 21 60 90 32 37 74 62 88 83
17
9 8 20
13 18 46
9 14 31
12 18 50
10 3 65
5 2 55
1 5 50
13 14 10
7 18 47
7 5 23
13 12 96
5 9 42
11 4 73
4 1 76
11 4 93
15 3 49
14 7 51
9 2
18 6 17 12 9 3 16 13 5 7 10
15
0 36 97 33 87 22 46 0 61 67 12 87 14 13 41
26
3 10 39
15 7 24
6 5 41
4 14 94
4 15 46
12 10 95
6 10 18
3 6 79
6 5 18
4 11 60
6 5 99
4 12 31
1 8 76
14 1 14
5 3 40
15 9 53
1 6 54
7 4 6
3 10 23
2 14 5
15 3 4
10 6 35
10 6 63
15 13 30
5 15 70
11 15 23
9 6
6 11 5 1 2 7 12 9 10 14 4 13 8 3 15
9
2 59 82 67 97 38 41 43 94
26
4 8 47
9 2 34
5 4 36
2 7 83
8 3 13
7 6 52
5 2 16
2 6 50
1 8 88
2 3 34
3 8 33
9 1 68
5 2 56
6 8 91
6 8 95
2 8 32
1 5 48
9 6 19
8 2 60
9 4 46
2 3 80
9 1 0
4 2 56
8 7 74
6 3 22
8 2 23
1 3
3 6 2 8
20
24 46 53 70 67 6 2 16 75 2 9 10 11 0 7 11 74 39 58 48
27
18 15 24
6 2 68
16 9 32
8 20 56
13 19 27
19 18 29
7 15 84
17 16 47
5 16 10
16 10 68
2 11 5
3 15 70
4 3 85
3 16 44
13 4 56
8 11 72
14 17 56
2 12 55
6 20 65
14 1 33
7 11 38
10 5 61
13 20 98
4 7 9
13 12 53
5 11 89
13 16 32
2 9
18 8 12 15 13 16 9 11 20 6 10
3
23 97 15
8
3 1 98
1 3 86
2 3 57
3 2 10
3 1 38
1 2 52
3 2 34
1 2 84
0 3
2 3 1
19
85 77 80 56 5 84 64 74 30 40 60 59 91 44 54 3 69 0 14
28
7 9 76
5 15 28
13 12 77
12 8 62
2 16 70
6 9 34
14 6 74
9 6 18
4 15 73
12 10 88
1 18 52
13 11 86
2 10 45
9 13 21
5 6 28
10 4 20
15 13 91
5 18 49
5 10 23
14 19 63
14 17 67
4 8 53
5 15 98
14 5 71
15 7 52
6 8 72
17 1 15
12 18 40
0 3
16 18 10
14
50 4 14 61 66 67 28 77 17 80 63 89 81 77
47
7 10 34
11 4 70
12 2 32
13 4 15
11 2 83
6 2 86
2 8 99
1 4 27
9 7 7
14 10 40
7 14 44
8 10 24
7 4 64
10 5 64
12 4 45
11 5 24
4 3 18
5 10 30
12 3 60
2 5 74
8 2 19
2 10 95
8 13 11
4 3 76
13 4 21
9 7 97
10 9 67
12 5 98
7 5 10
10 7 90
11 12 33
4 9 2
1 6 82
3 2 41
5 8 1
11 5 41
3 10 92
5 12 51
10 12 98
14 10 73
11 12 47
3 6 27
9 12 91
8 12 99
12 13 63
8 1 4
9 8 96
2 4
5 13 7 14 6 9
5
31 18 87 2 97
1
5 3 88
2 3
2 5 1 3 4
9
5 8 48 60 39 19 47 93 16
17
9 8 57
1 5 97
7 2 68
2 9 77
3 1 64
8 4 40
9 7 11
5 8 19
1 2 43
7 3 60
6 9 69
5 4 66
2 3 86
7 2 3
2 4 22
7 2 20
3 1 96
5 4
3 6 4 8 5 1 2 7 9
14
6 52 47 61 73 8 26 90 37 47 18 12 9 16
55
11 7 31
1 6 81
1 7 99
12 4 50
10 2 15
12 9 67
1 4 93
1 13 83
6 10 53
4 9 69
12 13 53
12 5 34
10 11 86
7 12 36
8 13 9
14 6 88
4 8 81
14 13 99
9 14 17
1 13 44
14 3 95
2 4 44
12 14 1
7 12 59
6 2 42
9 1 3
2 10 42
12 5 67
11 12 68
10 11 56
10 11 85
13 10 10
10 2 41
8 5 54
9 12 3
2 10 39
2 3 81
13 5 1
10 2 21
3 11 77
12 5 15
8 1 77
3 14 71
10 3 25
5 12 80
12 8 39
12 1 30
2 6 65
1 9 98
9 2 34
14 2 99
12 1 72
11 4 22
11 5 2
9 8 2
0 2
6 2
5
79 20 89 96 7
7
2 3 14
3 5 99
2 4 3
1 2 33
1 5 85
4 3 27
1 5 14
2 3
5 2 4 1 3
3
33 35 77
9
2 3 28
3 2 99
2 1 84
1 2 32
3 1 59
3 2 5
3 1 49
1 3 83
3 1 24
0 2
2 3
8
2 94 24 12 47 56 73 67
7
5 6 16
3 6 22
3 6 28
4 8 37
5 3 74
8 1 67
8 7 50
0 2
8 2
6
56 22 10 77 7 27
21
2 5 49
6 5 77
4 2 66
6 4 97
5 2 65
2 3 15
2 6 11
5 1 40
3 2 17
2 3 96
5 2 24
1 5 51
1 2 12
6 3 61
2 5 26
4 1 93
3 4 4
3 2 58
2 5 75
1 4 87
4 3 11
3 3
2 5 1 4 6 3
19
85 54 51 15 72 38 1 83 50 56 64 16 35 34 95 32 37 35 79
47
15 12 38
8 10 94
10 9 31
18 8 43
2 8 94
10 15 32
9 18 34
18 3 51
17 12 46
16 8 33
9 11 38
15 5 8
1 6 46
9 18 63
18 16 91
19 8 3
17 13 40
11 12 12
18 9 16
11 3 3
19 8 28
9 3 47
8 19 2
5 8 99
3 1 43
7 5 19
17 5 81
5 6 32
19 11 0
11 13 4
7 17 32
15 16 32
19 16 34
4 1 85
3 2 28
10 6 40
4 3 8
6 5 81
12 4 82
1 11 32
18 14 24
4 6 25
12 5 71
3 5 13
14 7 26
1 13 67
4 12 75
11 2
17 8 15 13 9 4 16 2 11 19 12 18 3
11
87 1 51 54 32 44 81 55 18 0 11
43
11 7 2
10 7 24
1 10 23
2 4 48
10 11 47
11 7 8
8 4 95
9 2 49
9 6 82
1 10 82
5 9 93
11 3 65
8 11 73
11 1 32
8 2 39
1 8 76
5 11 56
4 9 38
9 5 65
6 7 62
1 3 87
10 5 52
4 2 25
3 2 9
8 1 49
8 9 25
10 8 81
3 4 20
9 8 37
3 4 0
3 4 93
5 9 17
7 8 32
6 9 52
7 3 7
2 8 8
7 5 73
10 5 72
2 7 69
2 8 69
5 9 14
9 7 32
2 1 64
0 3
9 6 10
10
83 36 42 87 10 2 31 34 81 43
54
1 9 83
2 6 44
7 2 62
9 8 93
5 1 13
4 9 33
1 10 50
7 3 44
7 2 46
2 5 80
2 10 82
9 3 54
10 8 92
10 2 10
10 7 44
10 3 0
9 6 80
3 8 48
4 3 27
9 1 30
2 10 13
1 5 19
2 4 11
1 5 73
10 2 13
10 1 70
10 9 78
9 3 82
6 9 32
6 9 15
9 8 28
1 4 99
3 7 10
5 2 83
9 5 52
9 10 22
4 10 89
4 2 71
1 2 56
8 10 71
7 10 51
7 3 50
1 2 60
6 3 95
4 9 99
4 10 21
3 1 97
7 1 70
8 4 73
1 10 92
7 9 43
4 3 93
6 4 5
1 8 0
0 9
8 6 1 7 10 4 3 5 9
8
62 0 90 55 36 85 13 95
11
6 5 3
6 2 51
8 7 48
6 1 39
3 2 44
3 1 8
1 4 66
3 1 19
8 7 95
3 8 83
6 5 29
3 4
3 2 8 6 7 4 5
13
91 50 60 98 46 83 1 81 71 58 10 73 15
42
12 4 9
4 2 54
3 10 79
8 5 81
7 10 35
9 13 47
12 4 30
11 9 80
9 8 47
2 11 72
3 7 98
1 12 65
5 1 95
1 7 29
8 3 64
3 2 12
3 8 94
13 3 48
7 5 76
6 12 74
13 5 49
11 4 14
13 9 10
6 8 7
10 6 96
12 9 80
8 12 53
12 4 0
4 7 29
4 8 28
13 10 6
10 13 20
11 9 31
3 5 90
13 10 38
13 7 18
7 6 23
5 9 23
10 4 4
13 1 85
2 10 43
1 9 15
2 4
6 11 1 12 5 8
4
44 7 10 19
3
1 4 95
1 3 99
4 2 84
1 2
3 2 4
9
31 90 16 71 19 18 98 85 39
50
3 9 1
1 4 58
8 2 82
1 8 5
8 9 96
8 5 63
8 9 11
4 7 1
6 5 21
3 1 70
2 4 84
4 2 45
6 9 5
5 1 2
8 6 81
4 5 19
6 3 79
3 4 55
2 9 1
2 8 87
5 6 75
7 5 72
4 5 52
4 1 89
1 6 22
7 3 2
6 3 38
3 8 72
8 2 17
2 6 60
6 4 58
8 1 65
7 4 75
3 9 7
3 5 47
2 9 18
2 1 26
7 3 45
3 7 61
3 9 65
6 3 41
3 9 74
3 6 95
2 6 91
9 8 56
1 8 51
6 9 37
5 7 47
1 2 74
7 4 13
0 2
7 3
20
25 21 28 30 71 71 59 20 27 61 88 79 21 83 68 76 74 15 15 19
18
16 2 82
13 7 20
4 11 81
16 1 7
16 14 89
7 17 0
7 18 13
16 6 40
4 6 15
20 13 34
7 14 17
10 12 41
3 15 94
8 2 9
5 12 35
14 12 93
19 6 78
20 13 35
11 9
16 7 8 13 14 10 5 11 18 12 15 1 9 2 19 20 4 6 3 17
13
87 60 72 59 19 76 35 10 97 77 21 59 20
46
8 9 53
2 5 7
4 13 29
13 3 99
6 3 23
3 13 38
6 4 63
4 6 39
11 5 36
8 6 2
5 2 12
8 5 14
9 8 99
7 9 74
5 2 44
7 6 52
4 11 20
2 4 75
12 1 60
4 9 16
7 10 26
11 6 95
6 1 45
1 11 95
4 12 20
9 2 36
1 9 56
3 12 84
3 1 44
2 9 0
12 2 98
12 7 19
9 12 27
10 7 92
13 11 58
1 8 49
1 4 33
4 2 75
12 10 35
13 4 74
1 4 59
5 3 90
1 13 69
1 11 50
10 5 88
6 8 83
5 6
8 7 13 11 10 2 9 3 5 1 6
7
1 87 60 57 70 8 99
46
2 4 68
7 3 54
4 6 10
3 5 33
4 5 94
3 6 74
2 5 11
5 4 17
3 6 77
7 5 38
3 5 76
4 2 85
4 2 1
6 7 86
7 2 32
2 5 6
4 2 18
6 3 35
1 6 65
7 3 3
3 5 31
6 7 68
5 1 79
6 2 56
6 3 40
6 5 24
1 3 91
4 1 87
2 7 76
2 4 7
5 1 27
2 6 6
4 7 30
7 4 64
3 2 55
3 1 42
1 2 85
1 4 2
1 3 9
1 4 7
5 3 34
2 3 60
6 4 91
4 3 62
6 4 69
6 2 63
0 2
4 6
3
66 30 64
2
2 1 6
2 3 45
1 2
1 3 2
5
27 22 51 88 91
19
2 1 7
1 4 6
2 4 36
5 4 64
5 2 82
2 4 66
1 2 40
2 3 83
3 4 90
3 2 50
2 5 14
5 3 29
1 3 65
4 1 6
1 5 16
4 5 34
5 2 74
1 4 58
5 4 0
0 2
3 5
13
15 17 11 44 61 43 62 71 6 20 33 3 37
47
12 1 71
1 13 46
1 9 56
8 13 56
6 7 59
9 6 76
12 13 39
3 5 34
9 1 92
5 10 48
5 3 17
5 6 47
6 13 63
2 1 72
8 10 83
3 4 60
4 3 89
13 6 17
1 3 18
6 7 4
9 11 66
1 4 73
8 5 89
10 6 61
6 4 44
1 8 67
5 11 56
6 5 25
6 7 44
12 13 0
7 12 66
10 5 40
4 9 29
13 3 42
5 6 38
13 2 95
12 13 55
5 9 1
11 1 29
12 3 84
12 2 87
3 6 84
12 1 45
3 8 91
9 6 24
12 1 36
13 7 65
1 7
8 5 1 10 4 12 2 11
7
25 57 72 95 2 4 17
11
7 5 34
1 3 58
6 1 24
3 1 39
4 7 11
2 3 59
4 1 72
7 3 98
1 3 3
1 4 48
5 1 70
0 3
1 5 2
8
24 96 56 18 59 89 87 19
14
3 4 43
2 4 41
5 8 87
4 7 1
3 8 50
5 2 97
4 7 12
1 8 36
2 5 6
3 4 94
6 7 16
1 3 45
1 8 5
7 3 0
5 2
1 6 7 3 8 4 5
3
85 68 43
1
1 3 33
0 2
1 2
12
71 35 53 37 10 28 0 36 26 76 73 69
24
11 9 12
3 7 35
2 6 71
5 3 5
5 8 95
7 11 38
10 2 44
9 11 72
9 11 51
2 3 20
4 3 32
11 2 24
4 12 95
9 6 52
5 1 0
7 3 27
7 12 29
4 12 32
11 12 10
7 1 85
7 8 74
11 10 20
6 1 9
11 1 82
3 2
5 3 9 7 1
18
21 82 37 41 92 0 9 74 37 41 40 11 10 37 61 30 2 58
40
3 2 8
8 18 58
6 7 99
14 17 74
4 6 8
5 4 52
11 10 34
1 15 97
17 11 58
15 11 16
17 13 77
4 12 35
8 18 86
3 14 12
4 18 20
6 1 72
16 10 50
12 16 21
3 15 29
13 15 91
5 17 55
15 4 63
12 18 32
6 18 92
5 3 66
5 1 41
14 4 28
9 14 72
5 7 82
1 16 36
2 17 52
16 1 15
9 18 47
14 15 91
16 15 57
2 16 99
13 17 79
3 12 3
7 1 85
5 14 74
1 2
13 2 18
2
92 14
4
2 1 65
1 2 69
2 1 25
1 2 29
0 2
2 1
16
39 56 45 19 35 37 66 79 4 60 27 66 97 92 33 44
44
11 7 90
1 3 68
11 9 97
3 8 63
16 11 4
16 2 1
7 5 39
10 7 43
2 3 61
2 9 94
2 9 39
2 11 59
12 3 8
14 11 71
14 5 27
13 7 29
4 11 20
13 2 15
14 4 76
16 12 70
8 5 19
2 4 76
5 15 83
15 7 25
3 10 82
9 14 62
4 15 53
5 11 82
8 10 27
4 6 82
10 8 71
12 11 99
16 9 83
14 15 8
16 8 42
9 5 56
12 3 10
16 13 92
7 6 71
10 11 54
1 3 59
11 14 10
3 13 45
1 12 6
3 3
8 9 3 14 13 11
20
27 88 52 81 30 23 15 16 29 49 72 41 54 67 51 59 77 97 98 38
49
7 4 58
8 2 22
18 12 1
6 13 29
10 1 62
6 4 77
7 20 27
8 4 81
20 11 92
9 1 43
12 19 41
14 17 28
17 11 66
10 13 63
2 14 65
5 8 42
4 5 48
20 4 96
2 18 47
2 10 95
12 13 98
8 6 3
11 15 80
3 13 89
11 8 4
16 15 46
16 11 94
4 2 91
11 4 32
6 5 17
4 17 42
8 16 48
20 18 72
1 20 12
11 19 16
18 13 15
1 4 10
2 10 5
17 1 95
14 5 32
10 14 67
17 9 6
15 17 25
6 2 85
5 14 68
9 2 57
12 17 9
1 19 23
13 4 59
4 8
11 10 13 3 14 9 20 7 12 6 19 16
3
13 77 26
0
0 3
3 2 1
19
4 52 33 92 43 81 10 55 86 62 52 36 85 51 66 14 66 87 57
40
4 16 70
3 16 43
16 13 93
7 16 84
4 16 69
1 9 2
12 4 88
3 17 76
4 2 42
13 9 30
10 12 91
3 15 31
15 7 87
11 15 52
4 3 22
12 13 22
4 16 10
3 10 39
7 11 33
16 19 15
6 11 7
6 4 90
1 10 77
9 2 30
12 4 4
5 16 44
17 1 53
7 3 88
15 9 99
11 19 4
3 14 60
3 15 10
12 5 2
13 17 55
16 18 47
9 11 99
9 14 42
8 2 21
14 8 18
13 17 28
0 10
3 4 19 11 16 2 5 17 10 14
17
61 98 4 13 27 61 7 62 97 28 37 8 99 63 71 27 94
47
10 9 84
3 1 89
7 12 96
17 9 10
14 1 72
8 6 85
7 8 92
5 6 72
14 4 71
10 2 50
1 8 35
9 1 47
11 3 24
11 5 76
17 2 57
7 8 42
4 6 86
9 11 11
5 14 34
14 7 85
6 5 20
10 5 69
14 7 92
1 17 26
8 1 83
6 16 78
9 4 16
17 15 79
12 2 14
17 16 99
13 4 71
17 16 91
6 14 36
13 6 57
5 9 74
3 2 64
7 4 8
12 6 91
4 14 10
3 12 82
6 7 80
12 3 55
16 17 73
5 2 38
4 12 16
13 12 36
16 1 58
4 3
15 13 16 2 17 1 11
15
28 89 63 36 58 42 9 11 23 47 25 32 16 14 51
38
5 15 12
11 3 82
12 4 93
4 13 55
7 12 71
8 7 60
4 2 71
8 5 82
12 15 60
10 2 26
9 4 45
11 8 77
6 7 13
4 15 68
7 5 72
13 1 4
15 8 72
11 4 1
2 9 29
4 11 74
14 2 74
6 12 85
4 9 7
3 9 97
14 13 8
14 15 33
13 1 82
9 13 54
9 1 20
4 15 65
5 1 88
1 11 5
1 8 98
1 10 12
5 8 50
11 3 35
6 11 59
14 15 13
1 3
15 7 10 12
18
32 49 45 69 48 32 44 12 16 31 15 8 96 50 34 97 82 93
9
12 7 59
7 17 97
5 2 0
1 8 92
7 5 42
5 14 61
1 5 77
14 18 86
5 18 72
4 3
13 3 12 18 11 16 17
7
69 65 18 53 54 12 35
4
4 7 96
4 7 26
7 5 12
7 6 36
2 3
6 4 2 3 7
4
68 46 85 90
13
4 1 66
3 1 77
1 4 5
3 2 69
1 2 54
2 3 67
3 1 4
3 1 3
1 2 67
1 2 85
2 3 13
3 2 51
1 4 96
0 2
1 3
9
36 26 3 2 81 93 11 48 38
1
6 1 49
1 2
3 4 6
19
86 77 32 82 73 41 85 80 31 6 32 19 32 35 21 13 80 84 13
22
4 10 98
10 13 98
8 15 7
13 5 15
8 1 99
10 15 40
10 5 23
7 5 42
14 4 16
14 1 0
1 11 52
14 8 5
6 13 73
10 6 30
11 13 13
3 16 73
7 16 61
8 13 34
11 17 94
12 5 82
19 15 94
7 9 29
0 3
9 17 4
20
87 21 53 36 26 26 77 36 40 42 58 74 50 27 68 25 6 2 1 64
3
2 17 48
15 18 55
5 11 44
12 2
8 14 12 9 7 20 16 6 18 4 2 10 5 3
4
47 22 41 91
9
3 2 75
1 2 46
2 1 95
3 1 35
1 2 82
4 1 62
1 3 6
3 1 50
3 4 97
0 3
2 4 1
