100
132
1000
7
111111111111111110
26
622610399816893216
512223334445689
255
4167
81222344557778899
111223333334444406
467
353634988795444395
21122334456689000
124567880
485586855768556
1
124667878
133344001234556779
112222344456677772
964187804126541825
111111111111110129
54
253726325363641460
122331222
909247205734879640
422245567889998
999999999999999999
798988999
222233456666788899
312244557778900
122233334577739
394613075957407109
11122223334455553
61
894492470345552962
4237
111111112222216865
884351423690781970
288623036227340670
230
10999999999999999
835436388
603619555422068332
90
111111111016897
7679
114788898
578863806557730619
211222223333455577
1485
115989190348402667
355587069442109317
559
6889
60
528666279432722289
199037773109551459
112334445666886
179038937
439999999
524466778889999
780768788631121842
520965123391551865
509906637414978951
612223333445566890
25030146042466537
281707771700334029
12333444667446779
310252850839405730
412355699
168125006301166822
12333458899992488
133345664597689
11222223455555887
373916253651753358
21957422143518231
1000000000000000000
219999999999999999
608724582322603857
329999999999999
111111111102347
11111111000234466
223657567
650877944766067089
202026962335329651
622355568
659
11111111111111101
775309378576566726
7802
679940262689028419
2
156729442544742085
8799
303865239293537522
784310005294223581
875311938111792925
339194601493816203
329
